type:	default
para:	94 20
ship:	(15,8,7)(15,0)(7,1)(7,2)(2,4)(-1,11)(-3,11)(-2,3)(-8,6)(-8,-6)(-2,-3)(-3,-11)(-1,-11)(2,-4)(7,-2)(7,-1)
name:	Mad Max

type:	default
para:	10 90
ship:	(16,6,10)(15,0)(6,2)(-2,3)(-1,4)(-2,5)(-10,8)(-13,8)(-13,1)(-15,0)(-13,-1)(-13,-8)(-10,-8)(-2,-5)(-1,-4)(-2,-3)(6,-2)
name:	Blackie

type:	default
para:	70 40
ship:	(4,1,3)(15,0)(0,8)(-8,0)(0,-8)
name:	Kryten

type:	default
para:	30 70
ship:	(15,4,5)(10,0)(10,7)(5,14)(-5,14)(-10,7)(-10,-7)(-5,-14)(5,-14)(10,-7)(10,0)(5,5)(2,7)(5,0)(2,-7)(5,-5)
name:	Marvin

type:	default
para:	50 60
ship:	(15,8,9)(15,0)(14,1)(-1,2)(-2,9)(0,10)(-4,10)(-7,2)(-8,2)(-8,-2)(-7,-2)(-4,-10)(0,-10)(-2,-9)(-1,-2)(14,-1)
name:	R2D2

type:	default
para:	60 50
ship:	(16,1,15)(10,0)(0,5)(0,15)(15,10)(0,15)(-15,10)(0,15)(0,5)(-7,0)(0,-5)(0,-15)(-15,-10)(0,-15)(15,-10)(0,-15)(0,-5)
name:	C3PO

type:	default
para:	50 50
ship:	(14,0,5)(15,0)(15,5)(5,5)(5,-5)(15,-5)(15,0)(-15,0)(-15,5)(5,5)(5,-5)(-15,-5)(-15,-8)(-15,8)(-15,0)
name:	K9

type:	default
para:	45 55
ship:	(5,2,3)(15,0)(0,12)(-9,8)(-9,-8)(0,-12)
name:	Robby

type:	default
para:	05 95
ship:	(15,6,7)(5,-1)(8,-5)(7,-9)(4,-11)(-1,-10)(-5,-6)(-8,-10)(-8,10)(-5,6)(-1,10)(4,11)(7,9)(8,5)(5,1)(0,0)
name:	Mickey

type:	default
para:	15 85
ship:	(16,12,11)(10,1)(12,8)(-11,8)(-10,3)(-7,0)(-5,2)(-7,0)(-10,-1)(-10,-3)(-13,-4)(-13,-7)(-15,-8)(-15,-13)(-5,-5)(-2,-4)(5,-2)
name:	Hermes

type:	default
para:	60 60
ship:	(14,6,5)(15,-1)(15,0)(5,0)(5,-1)(5,9)(-15,9)(-15,-4)(-5,-7)(-3,-8)(-7,-8)(-5,-7)(5,-4)(5,-1)(-15,-1)
name:	Pan

type:	default
para:	40 30
ship:	(6,2,4)(15,0)(0,2)(-9,8)(-3,0)(-9,-8)(0,-2)
name:	Azurion

type:	default
para:	60 30
ship:	(6,2,4)(9,0)(4,8)(-5,8)(-10,0)(-5,-8)(4,-8)
name:	Droidion

type:	default
para:	80 40
ship:	(6,2,4)(15,0)(0,2)(-9,8)(-3,0)(-9,-8)(0,-2)
name:	Terminator

type:	default
para:	30 90
ship:	(15,6,9)(15,0)(4,2)(-2,8)(-4,7)(-3,2)(-8,5)(-8,2)(-6,1)(-6,-1)(-8,-2)(-8,-5)(-3,-2)(-4,-7)(-2,-8)(4,-2)
name:	Sniper

type:	default
para:	40 40
ship:	(15,8,7)(13,0)(11,1)(3,2)(-1,8)(-3,8)(-3,2)(-5,2)(-8,5)(-8,-5)(-5,-2)(-3,-2)(-3,-8)(-1,-8)(3,-2)(11,-1)
name:	Slugger

type:	default
para:	95 5
ship:	(16,9,8)(15,3)(7,3)(7,-8)(3,-8)(3,1)(-2,1)(-3,-1)(-5,-1)(-14,-5)(-15,2)(-3,4)(-1,8)(0,6)(13,6)(14,8)(15,6)
name:	Uzi

type:	default
para:	80 50
ship:	(15,9,6)(14,0)(2,2)(0,8)(1,8)(-3,8)(-3,2)(-8,4)(-7,1)(-7,-1)(-8,-4)(-3,-2)(-3,-8)(1,-8)(0,-8)(2,-2)
name:	Capone

type:	default
para:	40 70
ship:	(16,7,8)(15,1)(2,0)(1,-2)(6,-3)(6,-5)(3,-8)(-10,-8)(-13,-6)(-13,-3)(-10,-2)(-11,2)(-7,2)(-7,8)(-7,2)(1,2)(2,1)
name:	Tanx

type:	default
para:	60 60
ship:	(5,1,4)(8,0)(-8,5)(2,-8)(2,8)(-8,-5)
name:	Chrome Star

type:	default
para:	80 10
ship:	(15,6,9)(11,0)(12,-3)(9,-3)(8,-2)(-5,-5)(-9,-11)(-14,-14)(-5,-3)(-5,3)(-14,14)(-9,11)(-5,5)(8,2)(9,3)(12,3)
name:	Bully

type:	default
para:	40 45
ship:	(16,7,9)(15,5)(12,-2)(9,-2)(10,-1)(-8,-1)(-4,-1)(1,-3)(-13,-9)(-9,0)(-15,8)(1,3)(-4,1)(-8,1)(-8,-1)(-8,1)(11,1)
name:	Metal Hero

type:	default
para:	60 55
ship:	(16,5,11)(15,0)(-1,3)(-3,5)(-3,9)(7,10)(-12,10)(-6,9)(-6,4)(-8,0)(-6,-4)(-6,-9)(-12,-10)(7,-10)(-3,-9)(-3,-5)(-1,-3)
name:	Aurora

type:	default
para:	30 75
ship:	(16,10,6)(14,0)(7,-4)(0,-1)(-5,-4)(2,-8)(0,-10)(-14,-10)(-5,-7)(-14,0)(-5,7)(-14,10)(0,10)(2,8)(-5,4)(0,1)(7,4)
name:	Dalt Wisney

type:	default
para:	65 55
ship:	(11,5,6)(8,0)(5,8)(3,12)(0,15)(0,0)(-8,3)(-8,-3)(0,0)(0,-15)(3,-12)(5,-8)
name:	Psycho

type:	default
para:	30 40
ship:	(15,7,8)(15,0)(5,2)(3,8)(2,2)(-9,2)(-10,4)(-12,2)(-14,4)(-14,-4)(-12,-2)(-10,-4)(-9,-2)(2,-2)(3,-8)(5,-2)
name:	Gorgon

type:	default
para:	50 50
ship:	(15,7,8)(15,0)(14,4)(10,5)(5,2)(-7,3)(-7,6)(5,8)(-9,8)(-9,-8)(5,-8)(-7,-6)(-7,-3)(5,-2)(10,-5)(14,-4)
name:	Pompel

type:	default
para:	50 50
ship:	(16,8,7)(15,0)(13,-2)(9,-3)(3,-3)(-3,-3)(-5,-2)(-13,-2)(-15,-3)(-15,3)(-13,2)(-5,2)(-3,3)(-3,-8)(-3,8)(-3,3)(8,3)
name:	Pilt

type:	default
para:	20 40
ship:	(15,8,7)(15,-8)(6,-5)(7,-4)(1,-2)(2,-1)(-4,0)(-3,2)(-15,8)(-15,2)(-8,0)(-9,-2)(-3,-3)(-4,-4)(3,-5)(2,-7)
name:	Sparky

type:	default
para:	85 60
ship:	(16,5,11)(8,0)(8,-6)(6,-8)(0,-7)(5,-6)(-8,-4)(5,-2)(0,-1)(5,0)(0,1)(5,2)(-8,4)(5,6)(0,7)(6,8)(8,6)
name:	Cobra

type:	default
para:	70 20
ship:	(16,5,6)(14,2)(14,4)(2,10)(-5,10)(-10,8)(-12,3)(-12,-3)(-10,-8)(-5,-10)(9,-11)(10,-8)(7,-8)(14,-4)(14,-2)(4,-2)(4,2)
name:	Falcon

type:	default
para:	25 35
ship:	(16,11,12)(15,0)(10,-5)(4,-8)(7,-2)(7,2)(4,8)(6,0)(4,-8)(-10,-8)(-10,8)(-10,-8)(-15,-7)(-15,7)(-10,8)(4,8)(10,5)
name:	Boson

type:	default
para:	40 40
ship:	(12,4,8)(4,0)(2,4)(-5,11)(10,12)(-8,12)(-4,6)(-2,0)(-4,-6)(-8,-12)(10,-12)(-5,-11)(2,-4)
name:	Blazy

type:	default
para:	15 93
ship:	(13,6,7)(15,0)(7,4)(11,1)(-4,3)(3,5)(-7,10)(-9,2)(-9,-2)(-7,-10)(3,-5)(-4,-3)(11,-1)(7,-4)
name:	Pixie

type:	default
para:	5 98
ship:	(16,9,7)(3,0)(6,5)(8,10)(5,11)(1,10)(-1,8)(-4,9)(-8,6)(-5,0)(-8,-6)(-4,-9)(-1,-8)(1,-10)(5,-11)(8,-10)(6,-5)
name:	Wimpy

type:	default
para:	30 40
ship:	(16,9,6)(13,3)(5,3)(5,1)(4,-1)(0,-1)(-2,-8)(-8,-8)(-5,3)(-6,6)(-8,7)(-7,8)(-4,7)(8,7)(10,8)(12,8)(13,7)
name:	Bonnie

type:	default
para:	40 45
ship:	(16,5,11)(14,0)(5,5)(6,2)(0,2)(0,8)(-13,8)(-13,4)(-4,4)(-6,0)(-4,-4)(-13,-4)(-13,-8)(0,-8)(0,-2)(6,-2)(5,-5)
name:	Clyde

type:	default
para:	70 70
ship:	(16,7,5)(12,-7)(12,-12)(5,-12)(2,-10)(1,-5)(-9,-4)(-11,2)(-8,8)(-3,11)(3,11)(9,8)(11,2)(13,0)(12,-3)(12,-7)(7,-7)
name:	Neuro

